	hit1: 0.14408262841080852	hit2: 0.22877940123571372	hit3: 0.2939593222136777	hit4: 0.34922171249767975	hit5: 0.3937312720426401	hit6: 0.4332025138553738	hit7: 0.46945188406565724	hit8: 0.5027578160218504	hit9: 0.5333191906870675	hit10: 0.5615735461801596	hit11: 0.5873485189997614	hit12: 0.6099148789477871	hit13: 0.6320304420460874	hit14: 0.6519715732810055	hit15: 0.6713823552809525
	ndcg1: 0.14408262841080852	ndcg2: 0.19752034241752264	ndcg3: 0.23011030290650436	ndcg4: 0.253910518944928	ndcg5: 0.2711291670036691	ndcg6: 0.2851891070214433	ndcg7: 0.29727223042487105	ndcg8: 0.3077790821456657	ndcg9: 0.3169789726286217	ndcg10: 0.3251463129919551	ndcg11: 0.33233605983433356	ndcg12: 0.3384343512988307	ndcg13: 0.34424299366368477	ndcg14: 0.34934708622704824	ndcg15: 0.35419978172703487
