	hit1: 0.14540690792536143	hit2: 0.2322281184747769	hit3: 0.29489685991301917	hit4: 0.35056989719240844	hit5: 0.3968399632925029	hit6: 0.4366463179454442	hit7: 0.4740720052135286	hit8: 0.5070821529745042	hit9: 0.5357565601351262	hit10: 0.5621832980888162	hit11: 0.5881844418731463	hit12: 0.6114591230100148	hit13: 0.6331378260117836	hit14: 0.6536328452300203	hit15: 0.6728909813935549
	ndcg1: 0.14540690792536143	ndcg2: 0.20018499290207867	ndcg3: 0.23151936362119968	ndcg4: 0.25549643569417996	ndcg5: 0.27339614065592927	ndcg6: 0.28757545027587794	ndcg7: 0.3000506793652394	ndcg8: 0.31046422156133424	ndcg9: 0.31909607822456343	ndcg10: 0.3267351186412952	ndcg11: 0.33398795427879435	ndcg12: 0.3402776611541064	ndcg13: 0.34597156241773025	ndcg14: 0.35121742705526937	ndcg15: 0.3560319610961529
