	hit1: 0.1443592871539196	hit2: 0.23028269863159012	hit3: 0.293372759096213	hit4: 0.34647820091227327	hit5: 0.3925294367243025	hit6: 0.4332104593189774	hit7: 0.4718627346982073	hit8: 0.5057547470032884	hit9: 0.5356290442346452	hit10: 0.5624403309642516	hit11: 0.5884692903362682	hit12: 0.6113954598493688	hit13: 0.6334332237191047	hit14: 0.6536278773735017	hit15: 0.6729473851702557
	ndcg1: 0.1443592871539196	ndcg2: 0.19857092398354417	ndcg3: 0.23011595421585532	ndcg4: 0.25298722311216437	ndcg5: 0.2708022729626679	ndcg6: 0.28529314558979413	ndcg7: 0.2981772373828711	ndcg8: 0.3088689768687141	ndcg9: 0.3178620364347338	ndcg10: 0.3256122363765866	ndcg11: 0.3328728309760506	ndcg12: 0.3390683567133591	ndcg13: 0.34485656514700447	ndcg14: 0.35002554880810277	ndcg15: 0.3548554257572913
