	hit1: 0.1413682416813072	hit2: 0.22742823930359432	hit3: 0.2915340211088068	hit4: 0.34487404726364873	hit5: 0.3914243821248828	hit6: 0.43100009246661297	hit7: 0.46749798554878935	hit8: 0.5003764712098596	hit9: 0.5298469017079904	hit10: 0.5578246568828183	hit11: 0.5827906423787697	hit12: 0.6056298957769177	hit13: 0.6280200256264613	hit14: 0.6484419375718268	hit15: 0.6676089454843269
	ndcg1: 0.1413682416813072	ndcg2: 0.19566605477349577	ndcg3: 0.22771894567610168	ndcg4: 0.2506912445480155	ndcg5: 0.2686993722667916	ndcg6: 0.2827965247254214	ndcg7: 0.29496248908614686	ndcg8: 0.30533449651411826	ndcg9: 0.3142059800791857	ndcg10: 0.32229336501956135	ndcg11: 0.32925745055488487	ndcg12: 0.3354294882416992	ndcg13: 0.341310245436104	ndcg14: 0.34653739768047986	ndcg15: 0.35132914965860484
