	hit1: 0.16793964232488823	hit2: 0.2614035554609325	hit3: 0.3292261017670854	hit4: 0.38486001703214817	hit5: 0.432416968277624	hit6: 0.47479774324036617	hit7: 0.5111374281456249	hit8: 0.544536406216734	hit9: 0.5735842026825634	hit10: 0.6006892697466468	hit11: 0.6271689376197573	hit12: 0.6500425803704493	hit13: 0.6719581647860337	hit14: 0.6921572280178837	hit15: 0.7113716201830956
	ndcg1: 0.16793964232488823	ndcg2: 0.22690880600763533	ndcg3: 0.26082007916071137	ndcg4: 0.28478030229921714	ndcg5: 0.30317784239204615	ndcg6: 0.3182741790289824	ndcg7: 0.3303874073307356	ndcg8: 0.3409236118327072	ndcg9: 0.3496678698768635	ndcg10: 0.3575029913800773	ndcg11: 0.364889307936467	ndcg12: 0.3710706389384439	ndcg13: 0.376826756995265	ndcg14: 0.3819968693230983	ndcg15: 0.38680046736440127
