	hit1: 0.14455613386838306	hit2: 0.23244202524269272	hit3: 0.29790615439628115	hit4: 0.35092110665236337	hit5: 0.39634735852305086	hit6: 0.43626418742633133	hit7: 0.474088495106414	hit8: 0.5071980081316964	hit9: 0.53691710702319	hit10: 0.5641861019508125	hit11: 0.5894155508760777	hit12: 0.6134663011376429	hit13: 0.6338617611612168	hit14: 0.6542572211847908	hit15: 0.6738845405061782
	ndcg1: 0.14455613386838306	ndcg2: 0.20000595765558304	ndcg3: 0.23273802223237675	ndcg4: 0.25557031939645314	ndcg5: 0.2731435924547716	ndcg6: 0.28736225379668157	ndcg7: 0.29997035635670916	ndcg8: 0.31041524480366567	ndcg9: 0.3193615850141097	ndcg10: 0.3272440922967255	ndcg11: 0.3342816690970942	ndcg12: 0.3407810994603719	ndcg13: 0.3461379575524333	ndcg14: 0.35135833921515447	ndcg15: 0.3562651690455014
